Test Subject Nr; Total Elapsed Time; Shot Nr; Head Tracking; TimeTaken; Precision Total; Precision X; Precision Y; Distance; Hit; Player Floor; Ghost Floor
17;1.880261;1;True;1.880261;0.1342901;0.089252;0.05485734;7.338584;False;1;2
17;3.988199;2;True;2.107938;0.4968152;0.4968407;0.3284127;15.21323;False;1;1
17;6.548841;3;True;2.560642;0.2256231;0.2256631;0.0001041889;6.703439;False;1;1
17;9.196959;4;True;2.648118;0.5541906;0.5564696;0.9742628;13.98148;False;1;2
17;11.88553;5;True;2.688572;0.05570349;0.04068488;0.01636285;12.82493;False;1;2
17;14.57202;6;True;2.686484;0.6152784;0.6157944;0.9964392;10.71995;False;1;1
17;17.62527;7;True;3.053255;0.003318608;0.0020082;0.001316637;12.80234;False;1;1
17;20.29645;8;False;2.671181;0.1966497;0.02671438;0.1795331;3.667069;False;1;0
17;57.88784;9;False;37.59139;0.9635625;0.9757201;0.9871874;0.5585278;True;2;2
